20130101    117.8
20130102    119.0
20130103    128.8
20130104    143.1
20130105    145.1
20130106    142.2
20130107    149.7
20130108    155.6
20130109    169.3
20130110    173.9
20130111    172.3
20130112    168.5
20130113    156.4
20130114    154.1
20130115    139.7
20130116    137.1
20130117    122.7
20130118    115.2
20130119    106.7
20130120    106.6
20130121    108.3
20130122    110.3
20130123    104.9
20130124    103.4
20130125    100.5
20130126     99.4
20130127     97.7
20130128     97.6
20130129     95.4
20130130     96.6
20130131    102.7
20130201    103.7
20130202    111.8
20130203    111.1
20130204    106.7
20130205    105.1
20130206    103.5
20130207    102.8
20130208    104.2
20130209    107.6
20130210    105.9
20130211    105.2
20130212    101.8
20130213    100.3
20130214     99.5
20130215    100.1
20130216    103.2
20130217    105.5
20130218    104.7
20130219    112.4
20130220    113.5
20130221    108.5
20130222    107.0
20130223     99.6
20130224     94.9
20130225     95.4
20130226     98.7
20130227    102.0
20130228    105.5
20130301    112.6
20130302    111.0
20130303    112.0
20130304    114.3
20130305    118.4
20130306    114.3
20130307    113.8
20130308    115.0
20130309    116.2
20130310    119.2
20130311    119.7
20130312    123.0
20130313    122.9
20130314    122.8
20130315    123.1
20130316    126.0
20130317    125.7
20130318    117.6
20130319    110.4
20130320    107.6
20130321    106.1
20130322    100.9
20130323     98.2
20130324     96.0
20130325     92.6
20130326     92.4
20130327     93.0
20130328     98.7
20130329    105.1
20130330    108.4
20130331    113.3
20130401    119.1
20130402    122.1
20130403    127.0
20130404    128.5
20130405    134.4
20130406    137.0
20130407    137.8
20130408    139.2
20130409    146.5
20130410    148.0
20130411    137.1
20130412    137.9
20130413    125.1
20130414    116.8
20130415    113.3
20130416    113.3
20130417    106.3
20130418     98.4
20130419    100.2
20130420    107.8
20130421    105.2
20130422    116.8
20130423    115.5
20130424    116.5
20130425    119.8
20130426    128.8
20130427    127.5
20130428    132.1
20130429    143.7
20130430    153.4
20130501    159.2
20130502    149.4
20130503    147.9
20130504    141.6
20130505    137.1
20130506    130.7
20130507    128.7
20130508    126.9
20130509    128.4
20130510    124.8
20130511    136.6
20130512    147.3
20130513    150.3
20130514    147.9
20130515    145.6
20130516    144.7
20130517    136.4
20130518    132.1
20130519    135.3
20130520    132.0
20130521    125.3
20130522    133.4
20130523    134.5
20130524    127.3
20130525    121.3
20130526    120.0
20130527    110.1
20130528    104.8
20130529    106.9
20130530    104.1
20130531    101.8
20130601    105.8
20130602    110.9
20130603    111.8
20130604    109.9
20130605    108.8
20130606    109.0
20130607    109.8
20130608    103.2
20130609     96.0
20130610     93.3
20130611     89.5
20130612     93.3
20130613     98.9
20130614    109.1
20130615    111.0
20130616    115.9
20130617    123.8
20130618    124.8
20130619    123.4
20130620    126.3
20130621    133.2
20130622    130.0
20130623    128.2
20130624    120.6
20130625    109.2
20130626    106.5
20130627     99.5
20130628    101.0
20130629    100.2
20130630    102.8
20130701    107.8
20130702    114.3
20130703    124.5
20130704    137.7
20130705    140.8
20130706    134.2
20130707    125.6
20130708    119.3
20130709    119.9
20130710    117.9
20130711    113.4
20130712    117.6
20130713    114.0
20130714    112.9
20130715    114.1
20130716    113.9
20130717    111.3
20130718    114.8
20130719    113.6
20130720    112.5
20130721    109.4
20130722    109.9
20130723    106.7
20130724    107.6
20130725    106.9
20130726    109.5
20130727    107.9
20130728    109.4
20130729    112.1
20130730    113.1
20130731    108.7
20130801    112.1
20130802    112.9
20130803    107.3
20130804    104.8
20130805    104.3
20130806    103.9
20130807    105.5
20130808    104.4
20130809    103.6
20130810    102.5
20130811    110.4
20130812    114.1
20130813    122.0
20130814    125.2
20130815    122.7
20130816    119.9
20130817    149.7
20130818    126.1
20130819    128.3
20130820    131.5
20130821    130.4
20130822    131.6
20130823    124.1
20130824    117.4
20130825    112.6
20130826    111.2
20130827    109.7
20130828    108.1
20130829    108.8
20130830    107.5
20130831    107.5
20130901    103.8
20130902    105.6
20130903    106.0
20130904    109.3
20130905    110.1
20130906    101.3
20130907     98.5
20130908     95.7
20130909     94.3
20130910     94.9
20130911     92.8
20130912     92.9
20130913     91.6
20130914     92.5
20130915     92.8
20130916     94.5
20130917     98.7
20130918    104.1
20130919    107.9
20130920    109.2
20130921    110.3
20130922    111.2
20130923    107.8
20130924    110.2
20130925    111.1
20130926    109.9
20130927    107.9
20130928    105.7
20130929    103.1
20130930    104.9
20131001    106.8
20131002    108.1
20131003    113.8
20131004    109.1
20131005    105.9
20131006    106.5
20131007    112.0
20131008    111.9
20131009    113.4
20131010    120.7
20131011    129.0
20131012    127.9
20131013    129.3
20131014    125.0
20131015    125.3
20131016    128.1
20131017    136.1
20131018    139.9
20131019    132.7
20131020    133.4
20131021    135.8
20131022    146.3
20131023    152.7
20131024    160.6
20131025    161.4
20131026    171.8
20131027    166.9
20131028    159.9
20131029    152.6
20131030    141.9
20131031    142.6
20131101    146.5
20131102    141.6
20131103    143.5
20131104    147.3
20131105    148.5
20131106    153.5
20131107    148.0
20131108    146.0
20131109    148.1
20131110    154.1
20131111    163.7
20131112    167.5
20131113    171.0
20131114    175.8
20131115    177.9
20131116    174.5
20131117    177.0
20131118    163.3
20131119    152.9
20131120    147.0
20131121    141.2
20131122    142.8
20131123    135.6
20131124    127.1
20131125    119.1
20131126    115.5
20131127    129.0
20131128    132.9
20131129    128.5
20131130    131.2
20131201    130.5
20131202    133.7
20131203    135.7
20131204    138.0
20131205    149.6
20131206    150.5
20131207    156.9
20131208    165.5
20131209    168.1
20131210    175.2
20131211    170.8
20131212    164.8
20131213    163.1
20131214    164.2
20131215    156.2
20131216    154.3
20131217    159.0
20131218    156.0
20131219    153.4
20131220    149.2
20131221    144.2
20131222    137.9
20131223    136.1
20131224    128.3
20131225    122.7
20131226    124.7
20131227    130.6
20131228    134.5
20131229    137.0
20131230    142.9
20131231    145.3
20140101    159.6
20140102    160.5
20140103    182.3
20140104    262.0
20140105    217.5
20140106    203.9
20140107    237.1
20140108    194.6
20140109    184.1
20140110    175.1
20140111    166.1
20140112    155.3
20140113    143.3
20140114    137.0
20140115    126.2
20140116    121.0
20140117    128.8
20140118    129.6
20140119    127.5
20140120    137.4
20140121    146.0
20140122    143.3
20140123    136.3
20140124    135.5
20140125    133.2
20140126    137.9
20140127    143.9
20140128    157.2
20140129    156.4
20140130    160.5
20140131    165.7
20140201    176.7
20140202    189.8
20140203    188.3
20140204    188.1
20140205    193.5
20140206    191.3
20140207    178.0
20140208    171.8
20140209    169.0
20140210    161.0
20140211    172.2
20140212    160.1
20140213    166.6
20140214    166.6
20140215    162.1
20140216    153.9
20140217    152.4
20140218    151.4
20140219    157.7
20140220    156.4
20140221    156.8
20140222    163.2
20140223    171.8
20140224    170.7
20140225    173.9
20140226    178.2
20140227    175.7
20140228    170.6
20140301    164.6
20140302    161.3
20140303    161.0
20140304    158.0
20140305    149.1
20140306    148.8
20140307    148.2
20140308    141.6
20140309    145.9
20140310    151.5
20140311    164.6
20140312    147.6
20140313    147.7
20140314    143.8
20140315    139.0
20140316    135.6
20140317    136.4
20140318    138.3
20140319    149.2
20140320    151.3
20140321    152.6
20140322    154.9
20140323    157.0
20140324    158.6
20140325    152.8
20140326    153.2
20140327    144.8
20140328    146.4
20140329    142.7
20140330    148.4
20140331    152.4
20140401    153.3
20140402    154.7
20140403    153.0
20140404    156.9
20140405    142.1
20140406    140.9
20140407    139.9
20140408    132.0
20140409    130.6
20140410    136.7
20140411    137.6
20140412    135.9
20140413    137.1
20140414    150.3
20140415    161.9
20140416    183.9
20140417    178.9
20140418    172.3
20140419    169.3
20140420    162.5
20140421    158.8
20140422    144.8
20140423    136.1
20140424    130.1
20140425    124.7
20140426    120.7
20140427    118.1
20140428    120.8
20140429    120.1
20140430    123.6
20140501    125.7
20140502    135.4
20140503    132.6
20140504    131.5
20140505    139.0
20140506    138.9
20140507    145.9
20140508    148.1
20140509    152.3
20140510    152.1
20140511    164.4
20140512    162.9
20140513    159.4
20140514    163.2
20140515    152.1
20140516    138.7
20140517    133.5
20140518    127.5
20140519    116.9
20140520    117.2
20140521    113.9
20140522    111.3
20140523    116.3
20140524    124.5
20140525    113.0
20140526    108.2
20140527    105.9
20140528     99.4
20140529    102.7
20140530    101.6
20140531    103.7
20140601    103.3
20140602    105.3
20140603    107.0
20140604    105.4
20140605    110.5
20140606    133.0
20140607    136.7
20140608    148.6
20140609    161.2
20140610    166.2
20140611    168.4
20140612    174.5
20140613    152.7
20140614    143.5
20140615    130.2
20140616    116.8
20140617    114.3
20140618    110.8
20140619    111.1
20140620    102.2
20140621    101.2
20140622     94.2
20140623     92.6
20140624     93.5
20140625     97.0
20140626    100.0
20140627    104.2
20140628    114.6
20140629    125.7
20140630    140.5
20140701    151.8
20140702    169.4
20140703    178.1
20140704    187.6
20140705    193.0
20140706    201.0
20140707    197.9
20140708    201.4
20140709    198.4
20140710    177.4
20140711    166.3
20140712    145.0
20140713    126.8
20140714    109.4
20140715    100.6
20140716     92.1
20140717     88.6
20140718     88.5
20140719     86.1
20140720     87.1
20140721     90.1
20140722     92.6
20140723     99.1
20140724    104.1
20140725    106.5
20140726    116.5
20140727    121.4
20140728    132.2
20140729    141.6
20140730    151.9
20140731    156.4
20140801    168.4
20140802    155.6
20140803    151.7
20140804    139.3
20140805    139.3
20140806    136.6
20140807    136.2
20140808    123.0
20140809    113.1
20140810    108.4
20140811    104.5
20140812    104.0
20140813    102.9
20140814    102.7
20140815    113.1
20140816    112.0
20140817    115.1
20140818    110.6
20140819    110.7
20140820    118.3
20140821    128.3
20140822    126.4
20140823    132.0
20140824    140.9
20140825    151.5
20140826    128.1
20140827    122.8
20140828    118.6
20140829    120.1
20140830    123.1
20140831    124.8
20140901    126.6
20140902    136.3
20140903    137.7
20140904    146.0
20140905    143.9
20140906    157.3
20140907    160.2
20140908    163.9
20140909    159.3
20140910    174.6
20140911    151.4
20140912    152.0
20140913    145.1
20140914    139.3
20140915    132.9
20140916    132.7
20140917    132.8
20140918    120.2
20140919    121.8
20140920    119.1
20140921    123.9
20140922    135.8
20140923    138.2
20140924    144.7
20140925    166.9
20140926    170.2
20140927    181.4
20140928    181.1
20140929    175.0
20140930    162.1
20141001    155.1
20141002    149.0
20141003    136.7
20141004    127.5
20141005    128.4
20141006    130.0
20141007    125.4
20141008    126.4
20141009    118.9
20141010    120.8
20141011    112.0
20141012    110.5
20141013    113.1
20141014    132.6
20141015    125.8
20141016    138.9
20141017    145.8
20141018    172.4
20141019    173.1
20141020    204.0
20141021    199.0
20141022    216.3
20141023    227.1
20141024    217.8
20141025    219.3
20141026    216.6
20141027    187.8
20141028    167.2
20141029    150.4
20141030    140.4
20141031    121.2
20141101    119.9
20141102    124.4
20141103    125.2
20141104    129.4
20141105    145.2
20141106    135.5
20141107    145.5
20141108    132.0
20141109    131.7
20141110    136.1
20141111    142.3
20141112    152.9
20141113    153.5
20141114    161.0
20141115    160.6
20141116    171.5
20141117    167.5
20141118    167.4
20141119    169.6
20141120    168.1
20141121    162.5
20141122    166.6
20141123    173.1
20141124    144.4
20141125    169.4
20141126    170.9
20141127    178.8
20141128    181.4
20141129    177.3
20141130    177.3
20141201    168.1
20141202    167.7
20141203    154.2
20141204    157.6
20141205    136.8
20141206    128.7
20141207    131.8
20141208    132.6
20141209    139.7
20141210    149.8
20141211    147.5
20141212    154.2
20141213    159.8
20141214    166.4
20141215    169.3
20141216    184.6
20141217    198.5
20141218    213.2
20141219    215.7
20141220    203.2
20141221    205.8
20141222    179.2
20141223    165.9
20141224    151.4
20141225    145.3
20141226    137.0
20141227    134.1
20141228    132.6
20141229    131.5
20141230    130.4
20141231    133.6
20150101    137.5
20150102    145.8
20150103    148.7
20150104    149.7
20150105    141.9
20150106    141.9
20150107    147.2
20150108    157.2
20150109    151.2
20150110    151.9
20150111    153.7
20150112    158.6
20150113    158.6
20150114    139.8
20150115    131.2
20150116    125.4
20150117    122.0
20150118    126.3
20150119    127.5
20150120    125.7
20150121    124.4
20150122    119.8
20150123    120.6
20150124    126.0
20150125    126.7
20150126    146.7
20150127    155.8
20150128    161.1
20150129    170.4
20150130    157.1
20150131    155.1
20150201    141.7
20150202    143.7
20150203    148.8
20150204    149.0
20150205    141.9
20150206    144.2
20150207    151.0
20150208    157.0
20150209    142.8
20150210    139.1
20150211    130.1
20150212    127.5
20150213    123.9
20150214    119.6
20150215    119.3
20150216    118.1
20150217    118.7
20150218    122.4
20150219    118.9
20150220    118.2
20150221    113.6
20150222    119.0
20150223    116.5
20150224    113.9
20150225    111.3
20150226    112.3
20150227    120.1
20150228    126.6
20150301    127.6
20150302    130.4
20150303    125.1
20150304    124.2
20150305    140.2
20150306    127.4
20150307    137.8
20150308    124.2
20150309    122.9
20150310    120.9
20150311    131.7
20150312    126.7
20150313    119.4
20150314    115.6
20150315    114.4
20150316    117.2
20150317    114.3
20150318    114.8
20150319    109.3
20150320    112.7
20150321    113.6
20150322    122.4
20150323    128.1
20150324    133.0
20150325    137.8
20150326    136.1
20150327    137.8
20150328    145.6
20150329    144.5
20150330    133.6
20150331    128.1
20150401    124.1
20150402    121.3
20150403    119.9
20150404    122.4
20150405    122.2
20150406    125.6
20150407    111.2
20150408    106.0
20150409    111.3
20150410    115.1
20150411    122.9
20150412    133.9
20150413    141.3
20150414    146.8
20150415    154.7
20150416    150.2
20150417    149.6
20150418    147.6
20150419    151.7
20150420    149.6
20150421    153.8
20150422    150.3
20150423    140.5
20150424    134.5
20150425    125.9
20150426    118.5
20150427    107.5
20150428    107.7
20150429    104.0
20150430    101.8
20150501     99.9
20150502    105.7
20150503    111.1
20150504    123.4
20150505    127.8
20150506    136.2
20150507    146.6
20150508    149.8
20150509    154.5
20150510    159.9
20150511    163.0
20150512    163.2
20150513    157.0
20150514    145.1
20150515    136.5
20150516    131.0
20150517    119.6
20150518    115.0
20150519    110.3
20150520    105.6
20150521    101.8
20150522     99.1
20150523     97.7
20150524     98.7
20150525     96.5
20150526     94.5
20150527     95.2
20150528     93.0
20150529     92.3
20150530     95.0
20150531     94.3
20150601    100.4
20150602    101.0
20150603    108.5
20150604    118.0
20150605    126.0
20150606    132.7
20150607    137.3
20150608    134.2
20150609    136.5
20150610    135.4
20150611    139.9
20150612    136.7
20150613    136.1
20150614    131.7
20150615    134.8
20150616    136.1
20150617    135.8
20150618    150.8
20150619    137.3
20150620    135.4
20150621    131.7
20150622    246.9
20150623    116.1
20150624    109.5
20150625    101.8
20150626    101.2
20150627     97.3
20150628     97.3
20150629     97.1
20150630    100.8
20150701    109.6
20150702    113.8
20150703    112.3
20150704    116.8
20150705    124.8
20150706    133.4
20150707    132.6
20150708    128.9
20150709    121.9
20150710    129.0
20150711    120.2
20150712    116.0
20150713    110.1
20150714    105.2
20150715    101.0
20150716     99.6
20150717     97.4
20150718     96.0
20150719     99.4
20150720     93.2
20150721     91.0
20150722     89.0
20150723     89.4
20150724     92.2
20150725     94.0
20150726     97.0
20150727    100.1
20150728    101.1
20150729    100.7
20150730    102.0
20150731    100.7
20150801    102.9
20150802    101.5
20150803    105.6
20150804    106.8
20150805    112.2
20150806    121.6
20150807    122.1
20150808    121.0
20150809    114.5
20150810    106.2
20150811    102.8
20150812     99.2
20150813     94.8
20150814     93.2
20150815     89.4
20150816     85.6
20150817     87.0
20150818     88.7
20150819     98.2
20150820    102.8
20150821    118.6
20150822    116.9
20150823    133.1
20150824    127.7
20150825    121.2
20150826    126.2
20150827    110.2
20150828    109.1
20150829    100.1
20150830     91.6
20150831     91.0
20150901     89.0
20150902     88.2
20150903     86.5
20150904     89.9
20150905     85.4
20150906     85.6
20150907     83.7
20150908     83.5
20150909     82.3
20150910     83.5
20150911     92.8
20150912     99.1
20150913     98.8
20150914     96.5
20150915    101.1
20150916    109.4
20150917    106.8
20150918    102.8
20150919    105.7
20150920    110.4
20150921    103.4
20150922    107.0
20150923    110.7
20150924    106.8
20150925    119.8
20150926    120.2
20150927    127.5
20150928    124.0
20150929    129.2
20150930    131.1
20151001    119.7
20151002    107.4
20151003     96.9
20151004     88.3
20151005     82.6
20151006     81.4
20151007     80.5
20151008     79.7
20151009     81.2
20151010     81.4
20151011     84.6
20151012     89.1
20151013     95.6
20151014    100.7
20151015    106.8
20151016    109.1
20151017    116.6
20151018    119.5
20151019    123.7
20151020    122.8
20151021    129.0
20151022    120.5
20151023    114.9
20151024    106.3
20151025    106.4
20151026    106.2
20151027    110.1
20151028    112.2
20151029    112.9
20151030    121.2
20151031    118.5
20151101    124.3
20151102    122.0
20151103    124.2
20151104    113.8
20151105    109.9
20151106    115.2
20151107    115.0
20151108    107.7
20151109    107.6
20151110    105.4
20151111    105.0
20151112    103.5
20151113    102.9
20151114    106.3
20151115    105.8
20151116    105.6
20151117    107.1
20151118    107.6
20151119    108.1
20151120    111.0
20151121    122.2
20151122    122.9
20151123    119.7
20151124    113.2
20151125    109.0
20151126    103.9
20151127     98.9
20151128     96.6
20151129     95.5
20151130     95.7
20151201     94.6
20151202     95.3
20151203     94.5
20151204     97.6
20151205    100.5
20151206    102.2
20151207    100.7
20151208    111.2
20151209    108.8
20151210    108.5
20151211    113.7
20151212    116.7
20151213    122.5
20151214    124.0
20151215    118.9
20151216    126.2
20151217    117.8
20151218    117.1
20151219    119.0
20151220    116.6
20151221    121.7
20151222    130.1
20151223    133.9
20151224    132.7
20151225    126.4
20151226    117.4
20151227    110.3
20151228    112.1
20151229    105.4
20151230    101.5
20151231     96.2
