20080101     79.4
20080102     79.6
20080103     79.3
20080104     79.0
20080105     79.7
20080106     79.2
20080107     77.7
20080108     75.5
20080109     76.5
20080110     75.7
20080111     76.0
20080112     75.7
20080113     75.3
20080114     75.6
20080115     73.7
20080116     72.9
20080117     73.7
20080118     71.1
20080119     70.8
20080120     70.2
20080121     71.6
20080122     70.3
20080123     70.6
20080124     71.3
20080125     71.0
20080126     72.5
20080127     72.0
20080128     71.3
20080129     71.6
20080130     72.7
20080131     72.0
20080201     71.1
20080202     71.8
20080203     71.5
20080204     71.3
20080205     70.5
20080206     71.6
20080207     70.8
20080208     70.9
20080209     72.2
20080210     72.6
20080211     72.1
20080212     72.1
20080213     70.5
20080214     70.6
20080215     69.7
20080216     70.3
20080217     71.1
20080218     71.2
20080219     71.7
20080220     70.9
20080221     71.8
20080222     72.4
20080223     71.6
20080224     70.7
20080225     71.4
20080226     70.7
20080227     70.7
20080228     70.0
20080229     69.8
20080301     68.6
20080302     69.2
20080303     68.4
20080304     68.3
20080305     69.3
20080306     70.3
20080307     70.5
20080308     69.8
20080309     69.5
20080310     70.3
20080311     70.2
20080312     69.4
20080313     69.5
20080314     69.9
20080315     69.5
20080316     70.3
20080317     69.8
20080318     69.6
20080319     69.0
20080320     68.4
20080321     68.2
20080322     69.6
20080323     72.0
20080324     79.4
20080325     88.6
20080326     81.6
20080327     84.8
20080328     82.9
20080329     82.6
20080330     80.5
20080331     79.2
20080401     77.8
20080402     75.9
20080403     76.4
20080404     73.0
20080405     71.0
20080406     69.4
20080407     69.1
20080408     69.8
20080409     68.0
20080410     67.9
20080411     67.1
20080412     68.2
20080413     69.3
20080414     68.5
20080415     69.2
20080416     69.5
20080417     69.2
20080418     70.2
20080419     71.0
20080420     70.8
20080421     70.9
20080422     71.3
20080423     70.7
20080424     70.4
20080425     69.8
20080426     69.0
20080427     68.1
20080428     68.5
20080429     68.6
20080430     67.0
20080501     68.5
20080502     68.1
20080503     67.3
20080504     68.3
20080505     67.6
20080506     67.2
20080507     66.5
20080508     66.4
20080509     67.3
20080510     67.4
20080511     68.0
20080512     68.0
20080513     68.3
20080514     69.0
20080515     71.1
20080516     71.6
20080517     71.2
20080518     71.6
20080519     68.9
20080520     68.6
20080521     69.1
20080522     69.3
20080523     67.8
20080524     68.5
20080525     68.3
20080526     68.0
20080527     67.9
20080528     67.8
20080529     68.1
20080530     67.1
20080531     66.9
20080601     66.6
20080602     67.1
20080603     66.3
20080604     65.2
20080605     66.4
20080606     65.9
20080607     65.6
20080608     64.9
20080609     66.0
20080610     66.2
20080611     65.7
20080612     67.1
20080613     66.5
20080614     67.1
20080615     66.5
20080616     65.3
20080617     65.9
20080618     65.4
20080619     64.9
20080620     65.2
20080621     64.8
20080622     65.4
20080623     65.3
20080624     65.8
20080625     65.9
20080626     65.4
20080627     66.1
20080628     65.9
20080629     66.6
20080630     66.7
20080701     65.6
20080702     65.9
20080703     65.5
20080704     65.4
20080705     65.1
20080706     66.1
20080707     65.5
20080708     65.5
20080709     66.0
20080710     65.4
20080711     65.7
20080712     64.9
20080713     65.2
20080714     65.6
20080715     65.7
20080716     64.6
20080717     65.0
20080718     65.3
20080719     66.4
20080720     65.9
20080721     66.2
20080722     65.8
20080723     65.5
20080724     65.4
20080725     65.8
20080726     66.1
20080727     66.3
20080728     66.3
20080729     66.0
20080730     66.5
20080731     65.5
20080801     66.1
20080802     66.2
20080803     65.5
20080804     66.2
20080805     66.5
20080806     67.0
20080807     66.1
20080808     65.5
20080809     65.5
20080810     65.6
20080811     65.7
20080812     65.2
20080813     65.3
20080814     65.9
20080815     65.3
20080816     66.2
20080817     66.5
20080818     66.2
20080819     67.3
20080820     65.9
20080821     67.1
20080822     67.6
20080823     67.9
20080824     67.1
20080825     66.6
20080826     66.9
20080827     66.6
20080828     66.1
20080829     66.8
20080830     67.1
20080831     66.7
20080901     65.8
20080902     66.0
20080903     66.2
20080904     65.9
20080905     65.2
20080906     65.8
20080907     66.6
20080908     67.1
20080909     67.1
20080910     67.2
20080911     66.9
20080912     66.3
20080913     66.4
20080914     66.8
20080915     67.5
20080916     69.4
20080917     67.1
20080918     67.2
20080919     67.9
20080920     67.8
20080921     67.9
20080922     69.1
20080923     69.4
20080924     68.4
20080925     68.2
20080926     67.7
20080927     67.3
20080928     67.0
20080929     66.8
20080930     66.2
20081001     65.8
20081002     66.3
20081003     67.2
20081004     66.6
20081005     67.4
20081006     67.2
20081007     66.7
20081008     67.7
20081009     68.7
20081010     68.9
20081011     70.8
20081012     70.1
20081013     70.9
20081014     70.4
20081015     70.9
20081016     71.9
20081017     70.0
20081018     69.2
20081019     69.6
20081020     69.2
20081021     68.8
20081022     67.7
20081023     67.2
20081024     67.5
20081025     67.5
20081026     66.9
20081027     67.0
20081028     67.1
20081029     66.7
20081030     66.8
20081031     68.1
20081101     66.7
20081102     69.1
20081103     69.5
20081104     68.0
20081105     67.7
20081106     68.6
20081107     67.8
20081108     68.3
20081109     68.4
20081110     69.3
20081111     71.4
20081112     70.9
20081113     69.1
20081114     68.3
20081115     68.2
20081116     67.7
20081117     67.7
20081118     69.8
20081119     69.4
20081120     69.6
20081121     68.5
20081122     69.0
20081123     69.0
20081124     67.9
20081125     67.7
20081126     68.3
20081127     68.2
20081128     67.0
20081129     68.2
20081130     68.4
20081201     68.1
20081202     68.9
20081203     69.2
20081204     69.6
20081205     68.8
20081206     69.1
20081207     69.0
20081208     68.5
20081209     68.7
20081210     70.8
20081211     70.2
20081212     71.0
20081213     69.7
20081214     68.8
20081215     68.9
20081216     69.4
20081217     68.8
20081218     68.4
20081219     69.2
20081220     69.1
20081221     68.4
20081222     67.7
20081223     68.6
20081224     69.4
20081225     69.3
20081226     69.2
20081227     69.4
20081228     69.8
20081229     69.8
20081230     68.5
20081231     69.3
20090101     68.9
20090102     69.9
20090103     69.5
20090104     68.8
20090105     69.2
20090106     68.7
20090107     69.0
20090108     68.7
20090109     69.7
20090110     70.9
20090111     70.0
20090112     69.3
20090113     70.5
20090114     71.2
20090115     71.1
20090116     70.8
20090117     71.9
20090118     71.1
20090119     70.8
20090120     70.4
20090121     69.4
20090122     69.0
20090123     70.0
20090124     68.8
20090125     69.8
20090126     69.9
20090127     69.7
20090128     69.5
20090129     69.3
20090130     69.1
20090131     69.4
20090201     69.5
20090202     69.1
20090203     69.3
20090204     69.5
20090205     70.1
20090206     70.1
20090207     71.1
20090208     71.2
20090209     70.7
20090210     67.6
20090211     70.3
20090212     69.7
20090213     70.1
20090214     70.1
20090215     69.6
20090216     69.5
20090217     70.6
20090218     69.8
20090219     68.9
20090220     69.2
20090221     70.6
20090222     70.3
20090223     70.8
20090224     71.0
20090225     70.7
20090226     69.9
20090227     68.9
20090228     70.6
20090301     69.4
20090302     69.2
20090303     69.1
20090304     69.7
20090305     69.2
20090306     69.1
20090307     69.1
20090308     68.9
20090309     68.1
20090310     68.8
20090311     68.9
20090312     68.7
20090313     68.2
20090314     68.5
20090315     68.4
20090316     69.4
20090317     68.8
20090318     68.4
20090319     69.1
20090320     68.7
20090321     70.1
20090322     68.7
20090323     68.0
20090324     69.1
20090325     68.5
20090326     69.1
20090327     71.6
20090328     70.6
20090329     70.9
20090330     70.9
20090331     71.2
20090401     70.8
20090402     70.6
20090403     70.4
20090404     70.1
20090405     70.4
20090406     68.8
20090407     70.2
20090408     70.0
20090409     70.1
20090410     69.4
20090411     69.3
20090412     69.3
20090413     68.4
20090414     69.4
20090415     69.4
20090416     69.9
20090417     69.8
20090418     69.9
20090419     70.1
20090420     69.8
20090421     71.0
20090422     71.1
20090423     70.6
20090424     69.7
20090425     69.4
20090426     69.2
20090427     67.7
20090428     68.8
20090429     69.5
20090430     69.4
20090501     68.5
20090502     68.3
20090503     68.6
20090504     68.0
20090505     68.0
20090506     68.7
20090507     69.5
20090508     70.8
20090509     72.3
20090510     71.8
20090511     71.9
20090512     73.9
20090513     73.8
20090514     73.9
20090515     73.7
20090516     74.2
20090517     74.0
20090518     72.9
20090519     72.3
20090520     71.5
20090521     71.8
20090522     72.1
20090523     70.4
20090524     69.2
20090525     68.9
20090526     68.1
20090527     66.7
20090528     67.7
20090529     68.2
20090530     68.5
20090531     68.5
20090601     72.5
20090602     71.9
20090603     72.5
20090604     71.0
20090605     70.1
20090606     69.0
20090607     68.9
20090608     69.0
20090609     69.1
20090610     69.2
20090611     69.3
20090612     69.0
20090613     68.2
20090614     68.1
20090615     67.4
20090616     68.3
20090617     67.8
20090618     67.7
20090619     67.0
20090620     66.7
20090621     67.0
20090622     68.0
20090623     67.9
20090624     66.8
20090625     68.0
20090626     66.8
20090627     67.0
20090628     67.0
20090629     68.5
20090630     68.2
20090701     67.5
20090702     66.5
20090703     67.3
20090704     71.0
20090705     71.6
20090706     68.9
20090707     71.3
20090708     70.8
20090709     69.1
20090710     67.8
20090711     68.2
20090712     68.0
20090713     67.2
20090714     66.6
20090715     66.5
20090716     66.7
20090717     66.2
20090718     67.0
20090719     67.6
20090720     68.2
20090721     67.7
20090722     67.8
20090723     67.8
20090724     68.3
20090725     69.1
20090726     67.6
20090727     68.4
20090728     68.7
20090729     68.3
20090730     68.0
20090731     68.7
20090801     68.1
20090802     68.1
20090803     67.4
20090804     65.8
20090805     66.2
20090806     66.8
20090807     67.8
20090808     67.0
20090809     67.2
20090810     67.1
20090811     66.6
20090812     66.5
20090813     67.2
20090814     67.6
20090815     68.1
20090816     68.8
20090817     68.1
20090818     67.4
20090819     67.1
20090820     67.6
20090821     66.4
20090822     66.6
20090823     67.3
20090824     67.6
20090825     67.1
20090826     67.3
20090827     67.7
20090828     67.9
20090829     68.0
20090830     67.2
20090831     68.3
20090901     69.1
20090902     68.2
20090903     68.6
20090904     68.4
20090905     68.5
20090906     69.2
20090907     68.8
20090908     68.9
20090909     69.2
20090910     69.3
20090911     69.3
20090912     69.0
20090913     69.1
20090914     69.0
20090915     69.2
20090916     68.8
20090917     69.1
20090918     69.0
20090919     70.5
20090920     71.3
20090921     71.9
20090922     74.7
20090923     76.1
20090924     74.6
20090925     72.4
20090926     71.8
20090927     72.3
20090928     73.2
20090929     72.3
20090930     72.0
20091001     72.0
20091002     71.6
20091003     71.6
20091004     71.1
20091005     69.9
20091006     68.9
20091007     68.5
20091008     68.8
20091009     69.2
20091010     70.0
20091011     70.4
20091012     70.1
20091013     69.8
20091014     70.9
20091015     70.4
20091016     69.6
20091017     70.7
20091018     70.1
20091019     70.9
20091020     71.0
20091021     71.3
20091022     71.6
20091023     72.9
20091024     75.6
20091025     75.5
20091026     81.3
20091027     81.5
20091028     79.9
20091029     76.7
20091030     75.2
20091031     75.1
20091101     72.3
20091102     71.4
20091103     71.5
20091104     71.4
20091105     70.5
20091106     70.9
20091107     70.6
20091108     70.9
20091109     72.1
20091110     72.8
20091111     72.4
20091112     73.2
20091113     74.1
20091114     74.8
20091115     75.1
20091116     76.2
20091117     77.2
20091118     76.1
20091119     76.7
20091120     76.2
20091121     75.8
20091122     76.3
20091123     75.7
20091124     74.7
20091125     74.2
20091126     74.7
20091127     73.7
20091128     72.9
20091129     72.1
20091130     72.4
20091201     72.2
20091202     71.4
20091203     71.6
20091204     71.5
20091205     71.7
20091206     71.9
20091207     71.1
20091208     72.2
20091209     73.0
20091210     73.9
20091211     72.1
20091212     74.5
20091213     75.5
20091214     78.6
20091215     81.6
20091216     83.2
20091217     86.9
20091218     84.2
20091219     81.7
20091220     83.7
20091221     82.7
20091222     82.2
20091223     78.4
20091224     77.1
20091225     76.0
20091226     75.9
20091227     76.8
20091228     75.8
20091229     75.1
20091230     76.9
20091231     79.9
20100101     75.2
20100102     78.0
20100103     76.4
20100104     73.0
20100105     76.8
20100106     77.3
20100107     78.1
20100108     77.4
20100109     81.7
20100110     84.4
20100111     89.2
20100112     93.3
20100113     90.5
20100114     89.9
20100115     85.3
20100116     84.2
20100117     82.6
20100118     81.5
20100119     84.2
20100120     81.7
20100121     82.6
20100122     82.4
20100123     84.6
20100124     84.6
20100125     81.2
20100126     79.8
20100127     77.8
20100128     76.3
20100129     73.3
20100130     75.0
20100131     75.3
20100201     75.3
20100202     75.2
20100203     74.4
20100204     73.9
20100205     77.8
20100206     87.5
20100207     90.3
20100208     93.7
20100209     91.4
20100210     91.3
20100211     94.2
20100212     95.5
20100213     94.1
20100214     89.4
20100215     87.6
20100216     86.8
20100217     86.9
20100218     85.0
20100219     83.7
20100220     83.8
20100221     83.5
20100222     83.7
20100223     84.2
20100224     82.6
20100225     82.7
20100226     80.5
20100227     78.6
20100228     78.1
20100301     77.9
20100302     79.4
20100303     80.4
20100304     81.3
20100305     79.5
20100306     78.3
20100307     76.6
20100308     76.3
20100309     77.9
20100310     80.3
20100311     84.2
20100312     89.6
20100313     91.8
20100314     89.4
20100315     86.4
20100316     85.2
20100317     86.7
20100318     85.8
20100319     84.4
20100320     83.5
20100321     84.8
20100322     82.5
20100323     83.9
20100324     84.4
20100325     87.6
20100326     85.9
20100327     88.1
20100328     86.0
20100329     83.2
20100330     82.8
20100331     81.0
20100401     79.2
20100402     76.2
20100403     77.4
20100404     78.7
20100405     79.3
20100406     77.5
20100407     76.3
20100408     75.7
20100409     76.0
20100410     75.0
20100411     74.6
20100412     74.5
20100413     74.9
20100414     75.1
20100415     74.5
20100416     74.8
20100417     73.9
20100418     74.7
20100419     75.4
20100420     75.6
20100421     76.1
20100422     76.1
20100423     75.0
20100424     74.2
20100425     75.4
20100426     76.0
20100427     74.8
20100428     76.1
20100429     76.2
20100430     78.6
20100501     77.8
20100502     79.5
20100503     80.3
20100504     81.7
20100505     83.2
20100506     79.1
20100507     79.0
20100508     78.8
20100509     75.4
20100510     73.6
20100511     73.5
20100512     71.2
20100513     69.4
20100514     69.7
20100515     70.3
20100516     68.5
20100517     69.2
20100518     68.7
20100519     68.6
20100520     68.8
20100521     70.9
20100522     72.5
20100523     74.5
20100524     72.6
20100525     73.2
20100526     72.4
20100527     72.7
20100528     73.2
20100529     73.7
20100530     73.0
20100531     72.0
20100601     72.7
20100602     74.0
20100603     74.6
20100604     71.9
20100605     70.3
20100606     68.0
20100607     68.5
20100608     71.9
20100609     71.5
20100610     72.9
20100611     74.6
20100612     76.2
20100613     76.3
20100614     72.8
20100615     70.1
20100616     71.6
20100617     70.4
20100618     70.5
20100619     68.9
20100620     70.0
20100621     72.0
20100622     73.3
20100623     74.0
20100624     74.4
20100625     74.5
20100626     74.5
20100627     72.9
20100628     73.9
20100629     73.6
20100630     73.8
20100701     73.0
20100702     73.4
20100703     72.4
20100704     71.6
20100705     72.7
20100706     72.7
20100707     74.1
20100708     75.6
20100709     80.0
20100710     79.9
20100711     82.6
20100712     80.0
20100713     78.5
20100714     77.7
20100715     75.9
20100716     76.6
20100717     78.7
20100718     76.9
20100719     79.8
20100720     87.0
20100721     89.1
20100722     87.7
20100723     86.4
20100724     85.2
20100725     85.2
20100726     84.4
20100727     82.6
20100728     85.3
20100729     84.6
20100730     83.2
20100731     81.5
20100801     79.7
20100802     79.1
20100803     80.6
20100804     80.8
20100805     82.7
20100806     82.0
20100807     90.5
20100808     82.6
20100809     84.1
20100810     83.5
20100811     85.8
20100812     83.8
20100813     83.7
20100814     85.2
20100815     85.6
20100816     84.7
20100817     81.1
20100818     79.8
20100819     77.9
20100820     77.1
20100821     75.5
20100822     74.6
20100823     74.9
20100824     73.6
20100825     73.5
20100826     73.4
20100827     73.2
20100828     71.9
20100829     73.9
20100830     75.0
20100831     74.6
20100901     76.3
20100902     77.0
20100903     77.2
20100904     82.2
20100905     82.1
20100906     79.7
20100907     76.2
20100908     74.5
20100909     73.7
20100910     75.3
20100911     78.0
20100912     78.3
20100913     79.5
20100914     80.7
20100915     81.2
20100916     82.5
20100917     82.2
20100918     82.1
20100919     81.2
20100920     82.6
20100921     84.6
20100922     84.8
20100923     84.3
20100924     82.6
20100925     82.9
20100926     83.9
20100927     83.0
20100928     83.2
20100929     90.7
20100930     89.9
20101001     86.7
20101002     85.0
20101003     80.0
20101004     76.1
20101005     75.4
20101006     74.2
20101007     75.1
20101008     74.9
20101009     76.4
20101010     75.9
20101011     75.3
20101012     75.2
20101013     78.1
20101014     80.4
20101015     82.2
20101016     86.9
20101017     83.6
20101018     90.6
20101019     86.6
20101020     83.9
20101021     83.5
20101022     82.2
20101023     84.3
20101024     82.1
20101025     86.2
20101026     86.1
20101027     87.6
20101028     86.4
20101029     85.7
20101030     84.8
20101031     81.2
20101101     79.1
20101102     78.9
20101103     78.5
20101104     79.2
20101105     83.0
20101106     88.6
20101107     85.0
20101108     83.7
20101109     84.1
20101110     85.6
20101111     84.5
20101112     85.4
20101113     85.4
20101114     86.4
20101115     90.8
20101116     91.8
20101117     91.2
20101118     86.5
20101119     84.0
20101120     79.8
20101121     77.6
20101122     74.8
20101123     75.3
20101124     75.8
20101125     77.9
20101126     76.2
20101127     76.5
20101128     80.1
20101129     82.5
20101130     86.4
20101201     86.5
20101202     86.5
20101203     86.8
20101204     87.4
20101205     87.9
20101206     88.5
20101207     87.1
20101208     87.2
20101209     86.8
20101210     88.4
20101211     86.9
20101212     89.4
20101213     87.7
20101214     90.3
20101215     86.9
20101216     84.1
20101217     81.6
20101218     80.5
20101219     80.9
20101220     77.9
20101221     77.9
20101222     77.7
20101223     80.1
20101224     78.6
20101225     79.4
20101226     80.5
20101227     80.1
20101228     80.7
20101229     82.6
20101230     82.9
20101231     90.9
20110101     91.0
20110102     91.1
20110103     92.1
20110104     90.6
20110105     87.7
20110106     86.8
20110107     86.4
20110108     84.8
20110109     82.7
20110110     83.3
20110111     82.6
20110112     80.0
20110113     79.5
20110114     79.3
20110115     80.2
20110116     80.3
20110117     81.8
20110118     81.0
20110119     80.8
20110120     82.3
20110121     87.5
20110122     87.7
20110123     84.3
20110124     82.5
20110125     80.5
20110126     80.0
20110127     80.5
20110128     80.6
20110129     81.4
20110130     82.6
20110131     81.3
20110201     79.9
20110202     79.2
20110203     80.4
20110204     82.1
20110205     81.0
20110206     80.2
20110207     82.3
20110208     89.7
20110209     88.7
20110210     91.4
20110211     91.2
20110212     95.6
20110213    106.8
20110214    112.6
20110215    112.8
20110216    114.1
20110217    110.9
20110218    124.8
20110219    109.4
20110220    104.6
20110221     96.7
20110222     90.9
20110223     89.3
20110224     88.9
20110225     88.2
20110226     90.2
20110227     90.4
20110228     95.8
20110301    110.5
20110302    113.4
20110303    120.9
20110304    126.8
20110305    134.6
20110306    142.5
20110307    151.9
20110308    166.7
20110309    143.1
20110310    131.3
20110311    123.1
20110312    120.7
20110313    112.9
20110314    107.4
20110315    101.5
20110316    104.9
20110317     90.1
20110318     87.6
20110319     88.8
20110320     92.0
20110321    101.0
20110322     99.8
20110323    104.6
20110324    107.6
20110325    112.6
20110326    114.5
20110327    115.6
20110328    118.5
20110329    116.2
20110330    117.6
20110331    113.3
20110401    108.9
20110402    107.5
20110403    114.0
20110404    112.7
20110405    109.2
20110406    117.1
20110407    112.3
20110408    108.7
20110409    105.0
20110410    104.8
20110411    105.8
20110412    110.3
20110413    117.8
20110414    118.7
20110415    129.4
20110416    119.2
20110417    114.4
20110418    111.0
20110419    110.9
20110420    117.0
20110421    113.0
20110422    114.8
20110423    119.1
20110424    117.2
20110425    112.1
20110426    109.4
20110427    107.9
20110428    110.4
20110429    109.6
20110430    109.5
20110501    106.1
20110502    109.8
20110503    107.0
20110504    106.9
20110505    104.9
20110506    101.9
20110507    102.2
20110508    102.2
20110509    103.7
20110510     97.5
20110511     94.1
20110512     92.8
20110513     91.5
20110514     91.4
20110515     94.5
20110516     92.2
20110517     91.5
20110518     90.6
20110519     84.4
20110520     83.7
20110521     83.6
20110522     84.5
20110523     84.1
20110524     81.7
20110525     80.3
20110526     82.7
20110527     89.9
20110528    100.5
20110529    110.8
20110530    111.9
20110531    112.0
20110601    113.6
20110602    111.6
20110603    107.1
20110604    102.8
20110605    102.9
20110606    100.2
20110607     96.4
20110608     90.2
20110609     87.5
20110610     86.7
20110611     84.5
20110612     84.6
20110613     86.6
20110614     99.3
20110615    101.5
20110616    103.3
20110617    104.3
20110618     99.2
20110619     99.1
20110620     96.4
20110621     95.1
20110622     92.9
20110623     96.3
20110624     96.2
20110625     93.6
20110626     90.1
20110627     89.2
20110628     86.9
20110629     87.3
20110630     89.2
20110701     87.6
20110702     85.6
20110703     86.2
20110704     85.0
20110705     84.8
20110706     84.6
20110707     85.5
20110708     85.8
20110709     85.6
20110710     90.7
20110711     90.1
20110712     91.7
20110713     94.6
20110714     94.1
20110715     93.8
20110716     93.8
20110717    103.6
20110718    102.0
20110719    100.3
20110720    100.1
20110721     96.0
20110722     92.4
20110723     88.2
20110724     86.2
20110725     87.0
20110726     93.5
20110727     99.3
20110728    107.3
20110729    111.7
20110730    112.7
20110731    118.6
20110801    124.9
20110802    121.6
20110803    119.9
20110804    116.3
20110805    109.4
20110806    110.0
20110807    105.4
20110808    101.5
20110809     97.5
20110810     90.3
20110811     84.2
20110812     83.4
20110813     83.1
20110814     88.1
20110815     90.4
20110816     93.0
20110817     97.5
20110818     97.8
20110819     98.2
20110820    100.5
20110821    100.9
20110822    108.2
20110823    103.7
20110824    104.1
20110825    104.2
20110826    104.6
20110827    103.8
20110828    101.0
20110829    101.2
20110830    101.3
20110831    109.0
20110901    111.8
20110902    115.4
20110903    118.7
20110904    119.4
20110905    118.7
20110906    111.5
20110907    112.8
20110908    110.1
20110909    111.8
20110910    116.2
20110911    121.3
20110912    123.9
20110913    129.4
20110914    142.6
20110915    140.7
20110916    143.1
20110917    144.8
20110918    150.1
20110919    140.9
20110920    144.3
20110921    144.2
20110922    150.8
20110923    158.2
20110924    190.4
20110925    168.8
20110926    148.2
20110927    139.0
20110928    133.4
20110929    136.6
20110930    138.1
20111001    136.9
20111002    130.9
20111003    128.9
20111004    130.3
20111005    126.7
20111006    123.9
20111007    122.0
20111008    118.4
20111009    121.0
20111010    126.4
20111011    130.1
20111012    134.1
20111013    137.6
20111014    136.1
20111015    137.7
20111016    151.0
20111017    152.6
20111018    146.8
20111019    147.3
20111020    159.1
20111021    167.8
20111022    164.1
20111023    155.5
20111024    145.3
20111025    138.8
20111026    132.2
20111027    131.5
20111028    133.9
20111029    123.0
20111030    126.7
20111031    138.1
20111101    138.6
20111102    153.6
20111103    160.4
20111104    163.9
20111105    171.9
20111106    176.7
20111107    182.1
20111108    181.0
20111109    180.2
20111110    178.6
20111111    173.9
20111112    168.8
20111113    155.3
20111114    161.1
20111115    148.3
20111116    142.3
20111117    147.7
20111118    144.4
20111119    139.6
20111120    139.9
20111121    141.1
20111122    142.4
20111123    140.0
20111124    137.2
20111125    135.2
20111126    132.8
20111127    135.2
20111128    137.6
20111129    140.6
20111130    144.0
20111201    152.2
20111202    157.3
20111203    164.1
20111204    163.6
20111205    158.1
20111206    151.1
20111207    148.9
20111208    144.8
20111209    143.5
20111210    140.0
20111211    134.3
20111212    131.5
20111213    133.1
20111214    132.0
20111215    124.2
20111216    121.0
20111217    119.6
20111218    127.4
20111219    128.2
20111220    137.4
20111221    144.5
20111222    145.8
20111223    138.2
20111224    142.8
20111225    144.3
20111226    145.6
20111227    140.3
20111228    144.8
20111229    147.1
20111230    141.1
20111231    132.9
20120101    133.7
20120102    134.7
20120103    134.6
20120104    136.2
20120105    141.3
20120106    135.5
20120107    140.5
20120108    135.8
20120109    142.3
20120110    128.8
20120111    120.1
20120112    116.8
20120113    124.1
20120114    132.3
20120115    133.5
20120116    139.7
20120117    139.0
20120118    148.1
20120119    157.0
20120120    141.2
20120121    141.6
20120122    141.0
20120123    144.3
20120124    135.7
20120125    126.4
20120126    128.2
20120127    141.7
20120128    114.5
20120129    109.8
20120130    114.4
20120131    116.5
20120201    117.5
20120202    118.0
20120203    111.1
20120204    107.0
20120205    102.7
20120206    112.0
20120207    107.2
20120208     97.2
20120209     99.2
20120210    110.8
20120211    112.3
20120212    110.4
20120213    108.4
20120214    107.4
20120215    104.6
20120216    103.2
20120217    103.7
20120218    104.1
20120219    105.3
20120220    111.1
20120221    103.3
20120222    104.2
20120223    103.3
20120224    108.9
20120225    108.0
20120226    107.0
20120227    105.5
20120228    103.3
20120229    102.0
20120301    103.4
20120302    108.2
20120303    116.4
20120304    120.1
20120305    131.6
20120306    138.1
20120307    135.7
20120308    139.5
20120309    145.5
20120310    148.9
20120311    131.2
20120312    114.9
20120313    140.7
20120314    118.8
20120315    110.6
20120316     98.5
20120317    102.4
20120318    102.0
20120319    101.8
20120320     99.6
20120321     99.9
20120322    102.4
20120323    104.8
20120324    102.7
20120325    101.3
20120326    102.4
20120327    105.6
20120328    107.0
20120329    111.5
20120330    110.6
20120331    110.1
20120401    107.3
20120402    105.9
20120403    103.5
20120404    102.1
20120405    100.9
20120406     97.4
20120407     98.5
20120408     93.3
20120409     94.5
20120410     93.3
20120411     93.4
20120412     95.3
20120413     97.7
20120414     98.1
20120415    101.7
20120416    107.9
20120417    113.8
20120418    121.5
20120419    137.8
20120420    141.7
20120421    149.1
20120422    147.9
20120423    141.8
20120424    133.6
20120425    127.2
20120426    119.2
20120427    117.9
20120428    121.1
20120429    116.0
20120430    114.1
20120501    109.9
20120502    115.5
20120503    114.0
20120504    114.0
20120505    116.0
20120506    117.3
20120507    121.7
20120508    122.8
20120509    127.3
20120510    130.7
20120511    136.4
20120512    129.5
20120513    130.5
20120514    130.0
20120515    129.0
20120516    130.9
20120517    136.3
20120518    132.2
20120519    130.9
20120520    130.8
20120521    125.1
20120522    121.3
20120523    117.2
20120524    115.5
20120525    117.2
20120526    110.0
20120527    110.7
20120528    110.3
20120529    106.3
20120530    111.0
20120531    117.3
20120601    128.6
20120602    129.1
20120603    129.4
20120604    128.2
20120605    138.7
20120606    151.9
20120607    128.2
20120608    124.2
20120609    128.3
20120610    128.3
20120611    133.9
20120612    141.3
20120613    142.8
20120614    148.6
20120615    144.9
20120616    134.5
20120617    124.0
20120618    118.0
20120619    109.9
20120620    103.7
20120621     97.7
20120622     88.4
20120623     84.0
20120624     85.3
20120625     88.6
20120626     99.2
20120627    106.3
20120628    119.7
20120629    117.4
20120630    124.0
20120701    133.4
20120702    165.9
20120703    145.8
20120704    163.2
20120705    164.6
20120706    157.7
20120707    158.4
20120708    177.7
20120709    173.8
20120710    173.4
20120711    161.7
20120712    165.4
20120713    147.2
20120714    147.9
20120715    140.5
20120716    154.4
20120717    127.5
20120718    109.5
20120719    100.0
20120720     92.3
20120721     89.9
20120722     93.7
20120723     96.7
20120724    102.4
20120725    105.4
20120726    114.7
20120727    123.3
20120728    126.6
20120729    131.4
20120730    136.0
20120731    139.8
20120801    150.1
20120802    134.6
20120803    139.7
20120804    138.7
20120805    134.0
20120806    134.1
20120807    128.5
20120808    133.3
20120809    131.2
20120810    125.4
20120811    119.7
20120812    112.3
20120813    108.1
20120814    105.8
20120815    100.7
20120816     98.3
20120817     95.1
20120818     97.0
20120819     96.2
20120820     96.2
20120821     94.2
20120822     94.8
20120823     96.7
20120824    104.2
20120825    105.9
20120826    113.2
20120827    111.5
20120828    111.2
20120829    118.3
20120830    127.8
20120831    130.5
20120901    145.6
20120902    142.3
20120903    141.6
20120904    137.6
20120905    132.7
20120906    128.0
20120907    133.4
20120908    128.6
20120909    123.0
20120910    111.3
20120911    105.1
20120912    102.6
20120913     99.1
20120914    100.5
20120915     97.5
20120916     97.3
20120917    101.5
20120918    104.3
20120919    109.8
20120920    117.4
20120921    116.9
20120922    124.5
20120923    133.6
20120924    136.6
20120925    139.8
20120926    139.2
20120927    133.2
20120928    137.8
20120929    136.0
20120930    135.6
20121001    128.1
20121002    118.2
20121003    111.7
20121004    109.5
20121005    106.2
20121006     98.8
20121007     98.1
20121008    103.4
20121009    106.2
20121010    112.0
20121011    116.6
20121012    121.9
20121013    124.9
20121014    132.1
20121015    136.8
20121016    137.0
20121017    135.0
20121018    137.6
20121019    141.4
20121020    151.4
20121021    144.2
20121022    155.5
20121023    141.6
20121024    135.6
20121025    130.0
20121026    130.7
20121027    121.7
20121028    117.0
20121029    108.4
20121030    106.3
20121031    104.2
20121101     98.4
20121102     96.5
20121103     93.3
20121104     95.0
20121105     96.6
20121106     98.7
20121107    101.7
20121108    104.1
20121109    115.1
20121110    122.2
20121111    133.3
20121112    143.8
20121113    146.2
20121114    142.1
20121115    141.7
20121116    138.3
20121117    135.5
20121118    141.0
20121119    133.9
20121120    141.2
20121121    140.4
20121122    127.7
20121123    126.7
20121124    118.0
20121125    121.6
20121126    121.8
20121127    117.1
20121128    114.3
20121129    113.1
20121130    110.6
20121201    101.7
20121202     97.7
20121203     96.6
20121204     96.2
20121205     95.5
20121206     97.4
20121207     97.1
20121208    101.1
20121209    103.7
20121210    104.0
20121211    103.7
20121212    111.9
20121213    116.6
20121214    119.2
20121215    122.4
20121216    119.5
20121217    115.0
20121218    116.2
20121219    113.4
20121220    114.1
20121221    114.6
20121222    115.3
20121223    114.2
20121224    113.1
20121225    113.0
20121226    109.8
20121227    106.8
20121228    105.8
20121229    104.3
20121230    106.7
20121231    113.6
20130101    117.8
20130102    119.0
20130103    128.8
20130104    143.1
20130105    145.1
20130106    142.2
20130107    149.7
20130108    155.6
20130109    169.3
20130110    173.9
20130111    172.3
20130112    168.5
20130113    156.4
20130114    154.1
20130115    139.7
20130116    137.1
20130117    122.7
20130118    115.2
20130119    106.7
20130120    106.6
20130121    108.3
20130122    110.3
20130123    104.9
20130124    103.4
20130125    100.5
20130126     99.4
20130127     97.7
20130128     97.6
20130129     95.4
20130130     96.6
20130131    102.7
20130201    103.7
20130202    111.8
20130203    111.1
20130204    106.7
20130205    105.1
20130206    103.5
20130207    102.8
20130208    104.2
20130209    107.6
20130210    105.9
20130211    105.2
20130212    101.8
20130213    100.3
20130214     99.5
20130215    100.1
20130216    103.2
20130217    105.5
20130218    104.7
20130219    112.4
20130220    113.5
20130221    108.5
20130222    107.0
20130223     99.6
20130224     94.9
20130225     95.4
20130226     98.7
20130227    102.0
20130228    105.5
20130301    112.6
20130302    111.0
20130303    112.0
20130304    114.3
20130305    118.4
20130306    114.3
20130307    113.8
20130308    115.0
20130309    116.2
20130310    119.2
20130311    119.7
20130312    123.0
20130313    122.9
20130314    122.8
20130315    123.1
20130316    126.0
20130317    125.7
20130318    117.6
20130319    110.4
20130320    107.6
20130321    106.1
20130322    100.9
20130323     98.2
20130324     96.0
20130325     92.6
20130326     92.4
20130327     93.0
20130328     98.7
20130329    105.1
20130330    108.4
20130331    113.3
20130401    119.1
20130402    122.1
20130403    127.0
20130404    128.5
20130405    134.4
20130406    137.0
20130407    137.8
20130408    139.2
20130409    146.5
20130410    148.0
20130411    137.1
20130412    137.9
20130413    125.1
20130414    116.8
20130415    113.3
20130416    113.3
20130417    106.3
20130418     98.4
20130419    100.2
20130420    107.8
20130421    105.2
20130422    116.8
20130423    115.5
20130424    116.5
20130425    119.8
20130426    128.8
20130427    127.5
20130428    132.1
20130429    143.7
20130430    153.4
20130501    159.2
20130502    149.4
20130503    147.9
20130504    141.6
20130505    137.1
20130506    130.7
20130507    128.7
20130508    126.9
20130509    128.4
20130510    124.8
20130511    136.6
20130512    147.3
20130513    150.3
20130514    147.9
20130515    145.6
20130516    144.7
20130517    136.4
20130518    132.1
20130519    135.3
20130520    132.0
20130521    125.3
20130522    133.4
20130523    134.5
20130524    127.3
20130525    121.3
20130526    120.0
20130527    110.1
20130528    104.8
20130529    106.9
20130530    104.1
20130531    101.8
20130601    105.8
20130602    110.9
20130603    111.8
20130604    109.9
20130605    108.8
20130606    109.0
20130607    109.8
20130608    103.2
20130609     96.0
20130610     93.3
20130611     89.5
20130612     93.3
20130613     98.9
20130614    109.1
20130615    111.0
20130616    115.9
20130617    123.8
20130618    124.8
20130619    123.4
20130620    126.3
20130621    133.2
20130622    130.0
20130623    128.2
20130624    120.6
20130625    109.2
20130626    106.5
20130627     99.5
20130628    101.0
20130629    100.2
20130630    102.8
20130701    107.8
20130702    114.3
20130703    124.5
20130704    137.7
20130705    140.8
20130706    134.2
20130707    125.6
20130708    119.3
20130709    119.9
20130710    117.9
20130711    113.4
20130712    117.6
20130713    114.0
20130714    112.9
20130715    114.1
20130716    113.9
20130717    111.3
20130718    114.8
20130719    113.6
20130720    112.5
20130721    109.4
20130722    109.9
20130723    106.7
20130724    107.6
20130725    106.9
20130726    109.5
20130727    107.9
20130728    109.4
20130729    112.1
20130730    113.1
20130731    108.7
20130801    112.1
20130802    112.9
20130803    107.3
20130804    104.8
20130805    104.3
20130806    103.9
20130807    105.5
20130808    104.4
20130809    103.6
20130810    102.5
20130811    110.4
20130812    114.1
20130813    122.0
20130814    125.2
20130815    122.7
20130816    119.9
20130817    149.7
20130818    126.1
20130819    128.3
20130820    131.5
20130821    130.4
20130822    131.6
20130823    124.1
20130824    117.4
20130825    112.6
20130826    111.2
20130827    109.7
20130828    108.1
20130829    108.8
20130830    107.5
20130831    107.5
20130901    103.8
20130902    105.6
20130903    106.0
20130904    109.3
20130905    110.1
20130906    101.3
20130907     98.5
20130908     95.7
20130909     94.3
20130910     94.9
20130911     92.8
20130912     92.9
20130913     91.6
20130914     92.5
20130915     92.8
20130916     94.5
20130917     98.7
20130918    104.1
20130919    107.9
20130920    109.2
20130921    110.3
20130922    111.2
20130923    107.8
20130924    110.2
20130925    111.1
20130926    109.9
20130927    107.9
20130928    105.7
20130929    103.1
20130930    104.9
20131001    106.8
20131002    108.1
20131003    113.8
20131004    109.1
20131005    105.9
20131006    106.5
20131007    112.0
20131008    111.9
20131009    113.4
20131010    120.7
20131011    129.0
20131012    127.9
20131013    129.3
20131014    125.0
20131015    125.3
20131016    128.1
20131017    136.1
20131018    139.9
20131019    132.7
20131020    133.4
20131021    135.8
20131022    146.3
20131023    152.7
20131024    160.6
20131025    161.4
20131026    171.8
20131027    166.9
20131028    159.9
20131029    152.6
20131030    141.9
20131031    142.6
20131101    146.5
20131102    141.6
20131103    143.5
20131104    147.3
20131105    148.5
20131106    153.5
20131107    148.0
20131108    146.0
20131109    148.1
20131110    154.1
20131111    163.7
20131112    167.5
20131113    171.0
20131114    175.8
20131115    177.9
20131116    174.5
20131117    177.0
20131118    163.3
20131119    152.9
20131120    147.0
20131121    141.2
20131122    142.8
20131123    135.6
20131124    127.1
20131125    119.1
20131126    115.5
20131127    129.0
20131128    132.9
20131129    128.5
20131130    131.2
20131201    130.5
20131202    133.7
20131203    135.7
20131204    138.0
20131205    149.6
20131206    150.5
20131207    156.9
20131208    165.5
20131209    168.1
20131210    175.2
20131211    170.8
20131212    164.8
20131213    163.1
20131214    164.2
20131215    156.2
20131216    154.3
20131217    159.0
20131218    156.0
20131219    153.4
20131220    149.2
20131221    144.2
20131222    137.9
20131223    136.1
20131224    128.3
20131225    122.7
20131226    124.7
20131227    130.6
20131228    134.5
20131229    137.0
20131230    142.9
20131231    145.3
20140101    159.6
20140102    160.5
20140103    182.3
20140104    262.0
20140105    217.5
20140106    203.9
20140107    237.1
20140108    194.6
20140109    184.1
20140110    175.1
20140111    166.1
20140112    155.3
20140113    143.3
20140114    137.0
20140115    126.2
20140116    121.0
20140117    128.8
20140118    129.6
20140119    127.5
20140120    137.4
20140121    146.0
20140122    143.3
20140123    136.3
20140124    135.5
20140125    133.2
20140126    137.9
20140127    143.9
20140128    157.2
20140129    156.4
20140130    160.5
20140131    165.7
20140201    176.7
20140202    189.8
20140203    188.3
20140204    188.1
20140205    193.5
20140206    191.3
20140207    178.0
20140208    171.8
20140209    169.0
20140210    161.0
20140211    172.2
20140212    160.1
20140213    166.6
20140214    166.6
20140215    162.1
20140216    153.9
20140217    152.4
20140218    151.4
20140219    157.7
20140220    156.4
20140221    156.8
20140222    163.2
20140223    171.8
20140224    170.7
20140225    173.9
20140226    178.2
20140227    175.7
20140228    170.6
20140301    164.6
20140302    161.3
20140303    161.0
20140304    158.0
20140305    149.1
20140306    148.8
20140307    148.2
20140308    141.6
20140309    145.9
20140310    151.5
20140311    164.6
20140312    147.6
20140313    147.7
20140314    143.8
20140315    139.0
20140316    135.6
20140317    136.4
20140318    138.3
20140319    149.2
20140320    151.3
20140321    152.6
20140322    154.9
20140323    157.0
20140324    158.6
20140325    152.8
20140326    153.2
20140327    144.8
20140328    146.4
20140329    142.7
20140330    148.4
20140331    152.4
20140401    153.3
20140402    154.7
20140403    153.0
20140404    156.9
20140405    142.1
20140406    140.9
20140407    139.9
20140408    132.0
20140409    130.6
20140410    136.7
20140411    137.6
20140412    135.9
20140413    137.1
20140414    150.3
20140415    161.9
20140416    183.9
20140417    178.9
20140418    172.3
20140419    169.3
20140420    162.5
20140421    158.8
20140422    144.8
20140423    136.1
20140424    130.1
20140425    124.7
20140426    120.7
20140427    118.1
20140428    120.8
20140429    120.1
20140430    123.6
20140501    125.7
20140502    135.4
20140503    132.6
20140504    131.5
20140505    139.0
20140506    138.9
20140507    145.9
20140508    148.1
20140509    152.3
20140510    152.1
20140511    164.4
20140512    162.9
20140513    159.4
20140514    163.2
20140515    152.1
20140516    138.7
20140517    133.5
20140518    127.5
20140519    116.9
20140520    117.2
20140521    113.9
20140522    111.3
20140523    116.3
20140524    124.5
20140525    113.0
20140526    108.2
20140527    105.9
20140528     99.4
20140529    102.7
20140530    101.6
20140531    103.7
20140601    103.3
20140602    105.3
20140603    107.0
20140604    105.4
20140605    110.5
20140606    133.0
20140607    136.7
20140608    148.6
20140609    161.2
20140610    166.2
20140611    168.4
20140612    174.5
20140613    152.7
20140614    143.5
20140615    130.2
20140616    116.8
20140617    114.3
20140618    110.8
20140619    111.1
20140620    102.2
20140621    101.2
20140622     94.2
20140623     92.6
20140624     93.5
20140625     97.0
20140626    100.0
20140627    104.2
20140628    114.6
20140629    125.7
20140630    140.5
20140701    151.8
20140702    169.4
20140703    178.1
20140704    187.6
20140705    193.0
20140706    201.0
20140707    197.9
20140708    201.4
20140709    198.4
20140710    177.4
20140711    166.3
20140712    145.0
20140713    126.8
20140714    109.4
20140715    100.6
20140716     92.1
20140717     88.6
20140718     88.5
20140719     86.1
20140720     87.1
20140721     90.1
20140722     92.6
20140723     99.1
20140724    104.1
20140725    106.5
20140726    116.5
20140727    121.4
20140728    132.2
20140729    141.6
20140730    151.9
20140731    156.4
20140801    168.4
20140802    155.6
20140803    151.7
20140804    139.3
20140805    139.3
20140806    136.6
20140807    136.2
20140808    123.0
20140809    113.1
20140810    108.4
20140811    104.5
20140812    104.0
20140813    102.9
20140814    102.7
20140815    113.1
20140816    112.0
20140817    115.1
20140818    110.6
20140819    110.7
20140820    118.3
20140821    128.3
20140822    126.4
20140823    132.0
20140824    140.9
20140825    151.5
20140826    128.1
20140827    122.8
20140828    118.6
20140829    120.1
20140830    123.1
20140831    124.8
20140901    126.6
20140902    136.3
20140903    137.7
20140904    146.0
20140905    143.9
20140906    157.3
20140907    160.2
20140908    163.9
20140909    159.3
20140910    174.6
20140911    151.4
20140912    152.0
20140913    145.1
20140914    139.3
20140915    132.9
20140916    132.7
20140917    132.8
20140918    120.2
20140919    121.8
20140920    119.1
20140921    123.9
20140922    135.8
20140923    138.2
20140924    144.7
20140925    166.9
20140926    170.2
20140927    181.4
20140928    181.1
20140929    175.0
20140930    162.1
20141001    155.1
20141002    149.0
20141003    136.7
20141004    127.5
20141005    128.4
20141006    130.0
20141007    125.4
20141008    126.4
20141009    118.9
20141010    120.8
20141011    112.0
20141012    110.5
20141013    113.1
20141014    132.6
20141015    125.8
20141016    138.9
20141017    145.8
20141018    172.4
20141019    173.1
20141020    204.0
20141021    199.0
20141022    216.3
20141023    227.1
20141024    217.8
20141025    219.3
20141026    216.6
20141027    187.8
20141028    167.2
20141029    150.4
20141030    140.4
20141031    121.2
20141101    119.9
20141102    124.4
20141103    125.2
20141104    129.4
20141105    145.2
20141106    135.5
20141107    145.5
20141108    132.0
20141109    131.7
20141110    136.1
20141111    142.3
20141112    152.9
20141113    153.5
20141114    161.0
20141115    160.6
20141116    171.5
20141117    167.5
20141118    167.4
20141119    169.6
20141120    168.1
20141121    162.5
20141122    166.6
20141123    173.1
20141124    144.4
20141125    169.4
20141126    170.9
20141127    178.8
20141128    181.4
20141129    177.3
20141130    177.3
20141201    168.1
20141202    167.7
20141203    154.2
20141204    157.6
20141205    136.8
20141206    128.7
20141207    131.8
20141208    132.6
20141209    139.7
20141210    149.8
20141211    147.5
20141212    154.2
20141213    159.8
20141214    166.4
20141215    169.3
20141216    184.6
20141217    198.5
20141218    213.2
20141219    215.7
20141220    203.2
20141221    205.8
20141222    179.2
20141223    165.9
20141224    151.4
20141225    145.3
20141226    137.0
20141227    134.1
20141228    132.6
20141229    131.5
20141230    130.4
20141231    133.6
20150101    137.5
20150102    145.8
20150103    148.7
20150104    149.7
20150105    141.9
20150106    141.9
20150107    147.2
20150108    157.2
20150109    151.2
20150110    151.9
20150111    153.7
20150112    158.6
20150113    149.2
20150114    139.8
20150115    131.2
20150116    125.4
20150117    122.0
20150118    126.3
20150119    127.5
20150120    125.7
20150121    124.4
20150122    119.8
20150123    120.6
20150124    126.0
20150125    126.7
20150126    146.7
20150127    155.8
20150128    161.1
20150129    170.4
20150130    157.1
20150131    155.1
20150201    141.7
20150202    143.7
20150203    148.8
20150204    149.0
20150205    141.9
20150206    144.2
20150207    151.0
20150208    157.0
20150209    142.8
20150210    139.1
20150211    130.1
20150212    127.5
20150213    123.9
20150214    119.6
20150215    119.3
20150216    118.1
20150217    118.7
20150218    122.4
20150219    118.9
20150220    118.2
20150221    113.6
20150222    119.0
20150223    116.5
20150224    113.9
20150225    111.3
20150226    112.3
20150227    120.1
20150228    126.6
20150301    127.6
20150302    130.4
20150303    125.1
20150304    124.2
20150305    140.2
20150306    127.4
20150307    137.8
20150308    124.2
20150309    122.9
20150310    120.9
20150311    131.7
20150312    126.7
20150313    119.4
20150314    115.6
20150315    114.4
20150316    117.2
20150317    114.3
20150318    114.8
20150319    109.3
20150320    112.7
20150321    113.6
20150322    122.4
20150323    128.1
20150324    133.0
20150325    137.8
20150326    136.1
20150327    137.8
20150328    145.6
20150329    144.5
20150330    133.6
20150331    128.1
20150401    124.1
20150402    121.3
20150403    119.9
20150404    122.4
20150405    122.2
20150406    125.6
20150407    111.2
20150408    106.0
20150409    111.3
20150410    115.1
20150411    122.9
20150412    133.9
20150413    141.3
20150414    146.8
20150415    154.7
20150416    150.2
20150417    149.6
20150418    147.6
20150419    151.7
20150420    149.6
20150421    153.8
20150422    150.3
20150423    140.5
20150424    134.5
20150425    125.9
20150426    118.5
20150427    107.5
20150428    107.7
20150429    104.0
20150430    101.8
20150501     99.9
20150502    105.7
20150503    111.1
20150504    123.4
20150505    127.8
20150506    136.2
20150507    146.6
20150508    149.8
20150509    154.5
20150510    159.9
20150511    163.0
20150512    163.2
20150513    157.0
20150514    145.1
20150515    136.5
20150516    131.0
20150517    119.6
20150518    115.0
20150519    110.3
20150520    105.6
20150521    101.8
20150522     99.1
20150523     97.7
20150524     98.7
20150525     96.5
20150526     94.5
20150527     95.2
20150528     93.0
20150529     92.3
20150530     95.0
20150531     94.3
20150601    100.4
20150602    101.0
20150603    108.5
20150604    118.0
20150605    126.0
20150606    132.7
20150607    137.3
20150608    134.2
20150609    136.5
20150610    135.4
20150611    139.9
20150612    136.7
20150613    136.1
20150614    131.7
20150615    134.8
20150616    136.1
20150617    135.8
20150618    150.8
20150619    137.3
20150620    135.4
20150621    131.7
20150622    246.9
20150623    116.1
20150624    109.5
20150625    101.8
20150626    101.2
20150627     97.3
20150628     97.3
20150629     97.1
20150630    100.8
20150701    109.6
20150702    113.8
20150703    112.3
20150704    116.8
20150705    124.8
20150706    133.4
20150707    132.6
20150708    128.9
20150709    121.9
20150710    129.0
20150711    120.2
20150712    116.0
20150713    110.1
20150714    105.2
20150715    101.0
20150716     99.6
20150717     97.4
20150718     96.0
20150719     99.4
20150720     93.2
20150721     91.0
20150722     89.0
20150723     89.4
20150724     92.2
20150725     94.0
20150726     97.0
20150727    100.1
20150728    101.1
20150729    100.7
20150730    102.0
20150731    100.7
20150801    102.9
20150802    101.5
20150803    105.6
20150804    106.8
20150805    112.2
20150806    121.6
20150807    122.1
20150808    121.0
20150809    114.5
20150810    106.2
20150811    102.8
20150812     99.2
20150813     94.8
20150814     93.2
20150815     89.4
20150816     85.6
20150817     87.0
20150818     88.7
20150819     98.2
20150820    102.8
20150821    118.6
20150822    116.9
20150823    133.1
20150824    127.7
20150825    121.2
20150826    126.2
20150827    110.2
20150828    109.1
20150829    100.1
20150830     91.6
20150831     91.0
20150901     89.0
20150902     88.2
20150903     86.5
20150904     89.9
20150905     85.4
20150906     85.6
20150907     83.7
20150908     83.5
20150909     82.3
20150910     83.5
20150911     92.8
20150912     99.1
20150913     98.8
20150914     96.5
20150915    101.1
20150916    109.4
20150917    106.8
20150918    102.8
20150919    105.7
20150920    110.4
20150921    103.4
20150922    107.0
20150923    110.7
20150924    106.8
20150925    119.8
20150926    120.2
20150927    127.5
20150928    124.0
20150929    129.2
20150930    131.1
20151001    119.7
20151002    107.4
20151003     96.9
20151004     88.3
20151005     82.6
20151006     81.4
20151007     80.5
20151008     79.7
20151009     81.2
20151010     81.4
20151011     84.6
20151012     89.1
20151013     95.6
20151014    100.7
20151015    106.8
20151016    109.1
20151017    116.6
20151018    119.5
20151019    123.7
20151020    122.8
20151021    129.0
20151022    120.5
20151023    114.9
20151024    106.3
20151025    106.4
20151026    106.2
20151027    110.1
20151028    112.2
20151029    112.9
20151030    121.2
20151031    118.5
20151101    124.3
20151102    122.0
20151103    124.2
20151104    113.8
20151105    109.9
20151106    115.2
20151107    115.0
20151108    107.7
20151109    107.6
20151110    105.4
20151111    105.0
20151112    103.5
20151113    102.9
20151114    106.3
20151115    105.8
20151116    105.6
20151117    107.1
20151118    107.6
20151119    108.1
20151120    111.0
20151121    122.2
20151122    122.9
20151123    119.7
20151124    113.2
20151125    109.0
20151126    103.9
20151127     98.9
20151128     96.6
20151129     95.5
20151130     95.7
20151201     94.6
20151202     95.3
20151203     94.5
20151204     97.6
20151205    100.5
20151206    102.2
20151207    100.7
20151208    111.2
20151209    108.8
20151210    108.5
20151211    113.7
20151212    116.7
20151213    122.5
20151214    124.0
20151215    118.9
20151216    126.2
20151217    117.8
20151218    117.1
20151219    119.0
20151220    116.6
20151221    121.7
20151222    130.1
20151223    133.9
20151224    132.7
20151225    126.4
20151226    117.4
20151227    110.3
20151228    112.1
20151229    105.4
20151230    101.5
20151231     96.2
20160101     98.4
20160102    100.0
20160103    101.9
20160104     95.3
20160105     95.2
20160106    100.2
20160107    103.4
20160108    108.5
20160109    107.0
20160110    108.9
20160111    108.0
20160112    105.5
20160113    104.1
20160114    103.2
20160115    103.5
20160116     99.9
20160117    100.6
20160118     99.9
20160119     97.5
20160120    100.4
20160121    104.0
20160122    100.5
20160123     98.9
20160124    103.8
20160125    107.6
20160126    114.8
20160127    112.7
20160128    109.9
20160129    106.9
20160130    105.1
20160131    101.2
20160201    100.2
20160202    102.1
20160203    112.1
20160204    123.3
20160205    119.7
20160206    117.1
20160207    117.1
20160208    115.2
20160209    117.3
20160210    112.2
20160211    112.8
20160212    112.2
20160213    110.3
20160214    108.0
20160215    107.3
20160216    104.0
20160217     99.9
20160218     94.9
20160219     94.0
20160220    100.0
20160221     95.6
20160222     93.7
20160223     91.0
20160224     87.9
20160225     91.7
20160226     89.0
20160227     90.4
20160228     93.2
20160229     90.9
20160301     96.8
20160302     98.2
20160303     98.7
20160304    100.5
20160305     96.2
20160306     95.5
20160307     94.1
20160308     95.5
20160309     97.4
20160310     95.0
20160311     94.2
20160312     95.0
20160313     92.6
20160314     93.4
20160315     94.1
20160316     91.0
20160317     91.6
20160318     90.3
20160319     89.4
20160320     87.6
20160321     88.9
20160322     87.3
20160323     86.8
20160324     86.5
20160325     85.5
20160326     85.5
20160327     88.2
20160328     87.7
20160329     87.8
20160330     83.8
20160331     81.7
20160401     82.1
20160402     81.5
20160403     82.3
20160404     83.4
20160405     83.4
20160406     87.1
20160407     92.3
20160408     98.3
20160409    105.5
20160410    110.6
20160411    116.6
20160412    111.3
20160413    108.2
20160414    111.1
20160415    112.4
20160416    113.2
20160417    102.1
20160418     94.6
20160419     89.1
20160420     83.2
20160421     76.8
20160422     76.6
20160423     78.7
20160424     81.8
20160425     81.9
20160426     85.2
20160427     92.6
20160428     94.9
20160429     92.4
20160430     94.0
20160501     92.2
20160502     89.8
20160503     90.0
20160504     90.1
20160505     87.1
20160506     89.6
20160507     88.0
20160508     84.0
20160509     88.5
20160510     88.7
20160511     93.9
20160512     92.0
20160513     93.4
20160514    101.2
20160515    108.4
20160516    102.0
20160517    103.2
20160518    102.3
20160519     98.8
20160520     99.5
20160521     97.8
20160522     97.4
20160523     97.4
20160524     94.3
20160525     93.6
20160526     91.7
20160527     90.4
20160528     87.7
20160529     83.0
20160530     86.2
20160531     86.6
20160601     86.0
20160602     85.2
20160603     83.2
20160604     80.0
20160605     79.1
20160606     78.5
20160607     78.5
20160608     80.1
20160609     85.2
20160610     84.9
20160611     88.2
20160612     94.1
20160613     91.0
20160614     87.6
20160615     87.3
20160616     88.2
20160617     86.6
20160618     83.6
20160619     85.2
20160620     84.3
20160621     80.2
20160622     78.3
20160623     77.5
20160624     75.7
20160625     77.1
20160626     76.6
20160627     75.4
20160628     73.1
20160629     73.6
20160630     72.9
20160701     72.0
20160702     70.9
20160703     72.3
20160704     73.8
20160705     72.4
20160706     77.1
20160707     83.3
20160708     87.1
20160709     92.2
20160710     94.4
20160711     94.7
20160712     92.4
20160713     96.8
20160714     95.1
20160715    102.1
20160716    106.6
20160717    105.2
20160718    107.1
20160719    100.8
20160720    108.0
20160721    100.1
20160722     90.4
20160723     86.2
20160724     82.2
20160725     73.6
20160726     73.5
20160727     71.6
20160728     70.3
20160729     70.5
20160730     71.0
20160731     71.5
20160801     71.9
20160802     74.9
20160803     74.8
20160804     76.3
20160805     79.8
20160806     83.1
20160807     92.7
20160808     96.4
20160809     92.3
20160810     95.0
20160811     94.7
20160812     94.8
20160813     90.5
20160814     87.2
20160815     87.6
20160816     86.5
20160817     82.9
20160818     82.4
20160819     80.8
20160820     78.1
20160821     76.7
20160822     80.0
20160823     81.3
20160824     78.0
20160825     78.7
20160826     81.9
20160827     83.9
20160828     85.4
20160829     87.8
20160830    100.4
20160831     97.5
20160901     95.2
20160902     94.6
20160903     99.0
20160904     97.4
20160905     93.8
20160906     92.4
20160907     93.0
20160908     94.5
20160909     91.0
20160910     93.0
20160911     86.4
20160912     86.5
20160913     86.0
20160914     85.2
20160915     84.4
20160916     83.7
20160917     80.3
20160918     83.0
20160919     82.6
20160920     84.5
20160921     85.5
20160922     85.1
20160923     85.5
20160924     84.9
20160925     84.6
20160926     86.8
20160927     85.6
20160928     84.4
20160929     82.7
20160930     80.6
20161001     81.0
20161002     82.3
20161003     87.8
20161004     93.1
20161005     99.3
20161006    101.5
20161007    104.2
20161008    104.3
20161009    104.5
20161010    102.0
20161011     99.2
20161012     97.6
20161013     95.3
20161014     92.8
20161015     84.9
20161016     80.9
20161017     76.2
20161018     77.4
20161019     76.5
20161020     74.7
20161021     77.8
20161022     77.5
20161023     76.9
20161024     75.3
20161025     77.8
20161026     78.0
20161027     78.9
20161028     79.2
20161029     79.1
20161030     76.2
20161031     76.7
20161101     76.5
20161102     76.0
20161103     75.6
20161104     76.7
20161105     76.7
20161106     76.2
20161107     76.5
20161108     76.9
20161109     79.9
20161110     80.2
20161111     78.4
20161112     78.4
20161113     77.8
20161114     77.3
20161115     76.5
20161116     80.9
20161117     78.6
20161118     77.6
20161119     76.8
20161120     76.4
20161121     75.0
20161122     77.3
20161123     77.7
20161124     79.0
20161125     80.9
20161126     81.2
20161127     82.6
20161128     85.2
20161129     85.5
20161130     83.6
20161201     84.5
20161202     84.4
20161203     84.7
20161204     82.4
20161205     82.7
20161206     79.8
20161207     77.2
20161208     74.8
20161209     72.9
20161210     72.2
20161211     71.4
20161212     70.8
20161213     71.2
20161214     72.4
20161215     72.5
20161216     72.6
20161217     72.1
20161218     72.3
20161219     72.8
20161220     74.9
20161221     75.0
20161222     74.8
20161223     73.7
20161224     73.1
20161225     72.5
20161226     73.8
20161227     73.7
20161228     73.3
20161229     73.4
20161230     73.6
20161231     73.5
